START 50 390
PLATFORM 0 420 220 32
PLATFORM 0 330 220 32
PLATFORM 0 240 220 32
PLATFORM 280 240 220 32
PLATFORM 580 330 220 32
PLATFORM 580 240 220 32
PLATFORM 800 160 220 32
PLATFORM 1100 240 220 32
PLATFORM 1100 330 220 32
PLATFORM 1320 240 220 32
PLATFORM 1620 330 220 32
PLATFORM 1620 420 220 32
PLATFORM 1840 420 300 32
FLYING 280 290 180 500
FLYING 580 190 500 820
FLYING 1100 190 1020 1340
FLYING 1620 280 1540 1860
CHASING 290 220
ENEMY 815 140
CHASING 1330 220
COIN 330 220
COIN 630 220
COIN 860 140
COIN 1150 220
COIN 1370 220
COIN 1670 300
COIN 1890 400