START 50 390
PLATFORM 0 420 220 32
PLATFORM 370 380 220 32
PLATFORM 720 420 220 32
PLATFORM 1070 340 220 32
PLATFORM 1420 420 220 32
PLATFORM 1770 340 300 32
PLATFORM 2220 260 220 32
PLATFORM 2570 340 220 32
PLATFORM 2920 260 220 32
PLATFORM 3270 180 220 32
PLATFORM 3620 260 300 32
PLATFORM 4070 420 500 32
FLYING 720 300 640 940
FLYING 1420 260 1340 1640
FLYING 2220 160 2140 2490
FLYING 3270 80 3190 3490
FLYING 3620 160 3540 3920
CHASING 1900 320
CHASING 2700 320
CHASING 3400 160
CHASING 3760 240
ENEMY 400 360
ENEMY 760 400
ENEMY 1100 320
ENEMY 1450 400
ENEMY 4090 400
ENEMY 4160 400
COIN 460 400
COIN 790 400
COIN 1140 320
COIN 1490 400
COIN 2090 320
COIN 2780 320
COIN 2960 240
COIN 3530 160
COIN 3870 240
COIN 4110 400
COIN 4200 400