START 50 190
PLATFORM 0 220 220 32
PLATFORM 370 180 220 32
PLATFORM 720 260 220 32
PLATFORM 1070 140 220 32
PLATFORM 1420 220 220 32
PLATFORM 1770 140 220 32
PLATFORM 2120 80 220 32
PLATFORM 2470 160 220 32
PLATFORM 2820 220 220 32
PLATFORM 3170 420 400 32
ENEMY 390 160
ENEMY 740 240
FLYING 1070 60 990 1290
FLYING 1770 60 1690 1990
CHASING 1200 100
CHASING 1900 120
FLYING 2120 0 2040 2340
FLYING 2820 140 2740 3040
ENEMY 3190 400
CHASING 3240 400
COIN 450 160
COIN 800 240
COIN 1280 120
COIN 1960 120
COIN 2200 60
COIN 2900 200
COIN 3300 400
COIN 3380 400